Original List: 
-90 -100 19 14 -72 9 22 23 98 94 67 -52 59 1 96 -40 56 -51 -61 27 78 -94 -15 -96 85 81 91 -74 -76 27 -10 -67 76 -60 9 -22 -18 -15 20 53 -53 -85 -83 -24 21 86 -78 86 -61 -11 -11 -55 -23 69 73 -22 17 0 -75 67 -35 6 32 59 -79 41 -39 -52 54 68 68 26 25 13 -22 -9 22 -100 31 -65 69 17 -71 84 44 -92 22 -96 63 -71 -92 -43 -12 75 -83 22 52 -56 55 49 

Original Array: 
-90 -100 19 14 -72 9 22 23 98 94 67 -52 59 1 96 -40 56 -51 -61 27 78 -94 -15 -96 85 81 91 -74 -76 27 -10 -67 76 -60 9 -22 -18 -15 20 53 -53 -85 -83 -24 21 86 -78 86 -61 -11 -11 -55 -23 69 73 -22 17 0 -75 67 -35 6 32 59 -79 41 -39 -52 54 68 68 26 25 13 -22 -9 22 -100 31 -65 69 17 -71 84 44 -92 22 -96 63 -71 -92 -43 -12 75 -83 22 52 -56 55 49 

Sorted List: 
-100 -100 -96 -96 -94 -92 -92 -90 -85 -83 -83 -79 -78 -76 -75 -74 -72 -71 -71 -67 -65 -61 -61 -60 -56 -55 -53 -52 -52 -51 -43 -40 -39 -35 -24 -23 -22 -22 -22 -18 -15 -15 -12 -11 -11 -10 -9 0 1 6 9 9 13 14 17 17 19 20 21 22 22 22 22 23 25 26 27 27 31 32 41 44 49 52 53 54 55 56 59 59 63 67 67 68 68 69 69 73 75 76 78 81 84 85 86 86 91 94 96 98 

Sorted Array: 
-100 -100 -96 -96 -94 -92 -92 -90 -85 -83 -83 -79 -78 -76 -75 -74 -72 -71 -71 -67 -65 -61 -61 -60 -56 -55 -53 -52 -52 -51 -43 -40 -39 -35 -24 -23 -22 -22 -22 -18 -15 -15 -12 -11 -11 -10 -9 0 1 6 9 9 13 14 17 17 19 20 21 22 22 22 22 23 25 26 27 27 31 32 41 44 49 52 53 54 55 56 59 59 63 67 67 68 68 69 69 73 75 76 78 81 84 85 86 86 91 94 96 98 Original List and Array:
List:
 -16,   42,  -43,   10,   72,   68,  -75,   97,  -49,   62
 -10,  -49,   77,  -91,   99,  -41,  -64,  -60,   33,   58
  49,  -52,   51,   13,   -3,  -33,  -42,   47,   -7,    9
  87,   33,   14,  -55,    5,   -5,   -7,   78,   67,   34
 -98,  -23,   57,  -93,   50,   15,  -64,   85,   72,   19
  94,   86,  -34,  -81,  -50,    2,   65,  -90,   16,   72
 -70,  -48,   64,  -98,   93,   -1,   59,   13,  -80,   45
 -77,   87,   35,  -12,    2,   71,    3,  -10,  -23,   33
  84,  -88,   16,   -8,   72,    6,    3,   85,   83,   92
  20,   56,  -14,    6, -100,   -7,  -52,  -26,  -77,  -45
Array:
 -16,   42,  -43,   10,   72,   68,  -75,   97,  -49,   62
 -10,  -49,   77,  -91,   99,  -41,  -64,  -60,   33,   58
  49,  -52,   51,   13,   -3,  -33,  -42,   47,   -7,    9
  87,   33,   14,  -55,    5,   -5,   -7,   78,   67,   34
 -98,  -23,   57,  -93,   50,   15,  -64,   85,   72,   19
  94,   86,  -34,  -81,  -50,    2,   65,  -90,   16,   72
 -70,  -48,   64,  -98,   93,   -1,   59,   13,  -80,   45
 -77,   87,   35,  -12,    2,   71,    3,  -10,  -23,   33
  84,  -88,   16,   -8,   72,    6,    3,   85,   83,   92
  20,   56,  -14,    6, -100,   -7,  -52,  -26,  -77,  -45

Sorted List and Array:
List:
-100,  -98,  -98,  -93,  -91,  -90,  -88,  -81,  -80,  -77
 -77,  -75,  -70,  -64,  -64,  -60,  -55,  -52,  -52,  -50
 -49,  -49,  -48,  -45,  -43,  -42,  -41,  -34,  -33,  -26
 -23,  -23,  -16,  -14,  -12,  -10,  -10,   -8,   -7,   -7
  -7,   -5,   -3,   -1,    2,    2,    3,    3,    5,    6
   6,    9,   10,   13,   13,   14,   15,   16,   16,   19
  20,   33,   33,   33,   34,   35,   42,   45,   47,   49
  50,   51,   56,   57,   58,   59,   62,   64,   65,   67
  68,   71,   72,   72,   72,   72,   77,   78,   83,   84
  85,   85,   86,   87,   87,   92,   93,   94,   97,   99
Array:
-100,  -98,  -98,  -93,  -91,  -90,  -88,  -81,  -80,  -77
 -77,  -75,  -70,  -64,  -64,  -60,  -55,  -52,  -52,  -50
 -49,  -49,  -48,  -45,  -43,  -42,  -41,  -34,  -33,  -26
 -23,  -23,  -16,  -14,  -12,  -10,  -10,   -8,   -7,   -7
  -7,   -5,   -3,   -1,    2,    2,    3,    3,    5,    6
   6,    9,   10,   13,   13,   14,   15,   16,   16,   19
  20,   33,   33,   33,   34,   35,   42,   45,   47,   49
  50,   51,   56,   57,   58,   59,   62,   64,   65,   67
  68,   71,   72,   72,   72,   72,   77,   78,   83,   84
  85,   85,   86,   87,   87,   92,   93,   94,   97,   99

Original List and Array:
List:
  94,  -24,   55,   20,   91,   98,  -24,  -64,   23,  -49
 -60,   54,  -38,  -45,  -63,    6,  -57,  -55,  -25,  -61
 -87,  -76,  -87,  -39,    1,   86,   39, -100,   99,  -73
 -97,   34,   62,   63,    3,  -43,   51,   34,  -38,   14
 -31,   95,  -44,  -55,   53,  -87,   87,  -19,   39,    4
  66,  -15,  -38,  -33,  -77,   72,   18,  -73,   39,   41
  25,   32,    5,  -26,   84,  -63,  -89,  -85,  -24,  -93
  45,   45,  -14,   74,   99,   98,  -21,  -56,   85,  -76
 -40,   -5,   54,  -18,  -39,  -85,  -76,   21,   92,   53
  61,   98,  -18,   43,   29,  -36,   31,  -58,  -95,  -82
Array:
  94,  -24,   55,   20,   91,   98,  -24,  -64,   23,  -49
 -60,   54,  -38,  -45,  -63,    6,  -57,  -55,  -25,  -61
 -87,  -76,  -87,  -39,    1,   86,   39, -100,   99,  -73
 -97,   34,   62,   63,    3,  -43,   51,   34,  -38,   14
 -31,   95,  -44,  -55,   53,  -87,   87,  -19,   39,    4
  66,  -15,  -38,  -33,  -77,   72,   18,  -73,   39,   41
  25,   32,    5,  -26,   84,  -63,  -89,  -85,  -24,  -93
  45,   45,  -14,   74,   99,   98,  -21,  -56,   85,  -76
 -40,   -5,   54,  -18,  -39,  -85,  -76,   21,   92,   53
  61,   98,  -18,   43,   29,  -36,   31,  -58,  -95,  -82

Sorted List and Array:
List:
-100,  -97,  -95,  -93,  -89,  -87,  -87,  -87,  -85,  -85
 -82,  -77,  -76,  -76,  -76,  -73,  -73,  -64,  -63,  -63
 -61,  -60,  -58,  -57,  -56,  -55,  -55,  -49,  -45,  -44
 -43,  -40,  -39,  -39,  -38,  -38,  -38,  -36,  -33,  -31
 -26,  -25,  -24,  -24,  -24,  -21,  -19,  -18,  -18,  -15
 -14,   -5,    1,    3,    4,    5,    6,   14,   18,   20
  21,   23,   25,   29,   31,   32,   34,   34,   39,   39
  39,   41,   43,   45,   45,   51,   53,   53,   54,   54
  55,   61,   62,   63,   66,   72,   74,   84,   85,   86
  87,   91,   92,   94,   95,   98,   98,   98,   99,   99
Array:
-100,  -97,  -95,  -93,  -89,  -87,  -87,  -87,  -85,  -85
 -82,  -77,  -76,  -76,  -76,  -73,  -73,  -64,  -63,  -63
 -61,  -60,  -58,  -57,  -56,  -55,  -55,  -49,  -45,  -44
 -43,  -40,  -39,  -39,  -38,  -38,  -38,  -36,  -33,  -31
 -26,  -25,  -24,  -24,  -24,  -21,  -19,  -18,  -18,  -15
 -14,   -5,    1,    3,    4,    5,    6,   14,   18,   20
  21,   23,   25,   29,   31,   32,   34,   34,   39,   39
  39,   41,   43,   45,   45,   51,   53,   53,   54,   54
  55,   61,   62,   63,   66,   72,   74,   84,   85,   86
  87,   91,   92,   94,   95,   98,   98,   98,   99,   99

